structure(list(uid = c("26724841", "26638863", "26620651", "26576711", 
"26572756", "26563183", "26553749", "26521663", "26485759", "26450920", 
"26375845", "26353947", "26293984", "26278649", "26278646", "26244877", 
"26197187", "26189767", "26181260", "26181256", "26165588", "26151676", 
"26086362", "26084415", "26026053", "26002406", "26000489", "25986914", 
"25982919", "25897673", "25884302", "25873370", "25869690", "25800789", 
"25794605", "25791402", "25753698", "25704883", "25702876", "25635138", 
"25630845", "25622896", "25465187", "25451829", "25422909", "25363629", 
"25277673", "25277272", "25255712", "25242417", "25238114", "25234359", 
"25087088", "25053577", "24837187"), title = c("Does Prostate Size Predict the Development of Incident Lower Urinary Tract Symptoms in Men with Mild to No Current Symptoms? Results from the REDUCE Trial.", 
"Addressing the expected survival benefit for clinical trial design in metastatic castration-resistant prostate cancer: Sensitivity analysis of randomized trials.", 
"Football training in men with prostate cancer undergoing androgen deprivation therapy: activity profile and short-term skeletal and postural balance adaptations.", 
"Outcome According to Elective Pelvic Radiation Therapy in Patients With High-Risk Localized Prostate Cancer: A Secondary Analysis of the GETUG 12 Phase 3 Randomized Trial.", 
"Efficacy of recreational football on bone health, body composition, and physical functioning in men with prostate cancer undergoing androgen deprivation therapy: 32-week follow-up of the FC prostate randomised controlled trial.", 
"Changes in physical functioning and muscle strength in men receiving androgen deprivation therapy for prostate cancer: a controlled comparison.", 
"Dysregulation of miR-212 Promotes Castration Resistance through hnRNPH1-Mediated Regulation of AR and AR-V7: Implications for Racial Disparity of Prostate Cancer.", 
"Intake of dietary antioxidants is inversely associated with biomarkers of oxidative stress among men with prostate cancer.", 
"Systematic evaluation of underlying defects in DNA repair as an approach to case-only assessment of familial prostate cancer.", 
"Clinical and Translational Assessment of VEGFR1 as a Mediator of the Premetastatic Niche in High-Risk Localized Prostate Cancer.", 
"Phase II Trial of Carboplatin, Everolimus, and Prednisone in Metastatic Castration-resistant Prostate Cancer Pretreated With Docetaxel Chemotherapy: A Prostate Cancer Clinical Trial Consortium Study.", 
"Metformin use and risk of prostate cancer: results from the REDUCE study.", 
"Egg intake and cancers of the breast, ovary and prostate: a dose-response meta-analysis of prospective observational studies.", 
"High subcutaneous adipose tissue predicts the prognosis in metastatic castration-resistant prostate cancer patients in post chemotherapy setting.", 
"The influence of prior novel androgen receptor targeted therapy on the efficacy of cabazitaxel in men with metastatic castration-resistant prostate cancer.", 
"Chemohormonal Therapy in Metastatic Hormone-Sensitive Prostate Cancer.", 
"Pioglitazone Use and Risk of Bladder Cancer and Other Common Cancers in Persons With Diabetes.", 
"Postdiagnostic Statin Use and the Risk of Lethal Prostate Cancer in the Health Professionals Follow-up Study.", 
"Statin Use at the Time of Initiation of Androgen Deprivation Therapy and Time to Progression in Patients With Hormone-Sensitive Prostate Cancer.", 
"Whole-Exome Sequencing of Metastatic Cancer and Biomarkers of Treatment Response.", 
"Baseline Prostate Atrophy is Associated with Reduced Risk of Prostate Cancer in Men Undergoing Repeat Prostate Biopsy.", 
"Efficacy and Safety of Abiraterone Acetate in Elderly (75 Years or Older) Chemotherapy Naïve Patients with Metastatic Castration Resistant Prostate Cancer.", 
"DNA Methylation-Guided Prediction of Clinical Failure in High-Risk Prostate Cancer.", 
"Global public awareness of venous thromboembolism.", "Structure-Based Screen Identifies a Potent Small Molecule Inhibitor of Stat5a/b with Therapeutic Potential for Prostate Cancer and Chronic Myeloid Leukemia.", 
"Long term antihypertensive drug use and prostate cancer risk: A 9-year population-based cohort analysis.", 
"Integrative clinical genomics of advanced prostate cancer.", 
"High-throughput transcriptomic analysis nominates proteasomal genes as age-specific biomarkers and therapeutic targets in prostate cancer.", 
"Metabolic syndrome in castration-resistant prostate cancer patients treated with abiraterone.", 
"Circulating cell-free AR and CYP17A1 copy number variations may associate with outcome of metastatic castration-resistant prostate cancer patients treated with abiraterone.", 
"Abiraterone acetate in patients with metastatic castration-resistant prostate cancer: long term outcome of the Temporary Authorization for Use programme in France.", 
"Randomized, Placebo-Controlled Trial of Green Tea Catechins for Prostate Cancer Prevention.", 
"Can analyses of electronic patient records be independently and externally validated? Study 2--the effect of ß-adrenoceptor blocker therapy on cancer survival: a retrospective cohort study.", 
"Bias in estimating the causal hazard ratio when using two-stage instrumental variable methods.", 
"Immediate versus deferred initiation of androgen deprivation therapy in prostate cancer patients with PSA-only relapse. An observational follow-up study.", 
"Course and Moderators of Hot Flash Interference during Androgen Deprivation Therapy for Prostate Cancer: A Matched Comparison.", 
"Pharmacologic androgen deprivation and cardiovascular disease risk factors: a systematic review.", 
"Hydrazinobenzoylcurcumin inhibits androgen receptor activity and growth of castration-resistant prostate cancer in mice.", 
"High-dose radiotherapy with short-term or long-term androgen deprivation in localised prostate cancer (DART01/05 GICOR): a randomised, controlled, phase 3 trial.", 
"Castration-resistant prostate cancer bone metastasis response measured by 18F-fluoride PET after treatment with dasatinib and correlation with progression-free survival: results from American College of Radiology Imaging Network 6687.", 
"Evaluation of treatment efficacy using a Bayesian mixture piecewise linear model of longitudinal biomarkers.", 
"Structure-function studies of the bHLH phosphorylation domain of TWIST1 in prostate cancer cells.", 
"Evaluation of data quality in the National Prostate Cancer Register of Sweden.", 
"Influence of age on incident diabetes and cardiovascular disease in prostate cancer survivors receiving androgen deprivation therapy.", 
"Alcohol consumption and site-specific cancer risk: a comprehensive dose-response meta-analysis.", 
"An alternative pseudolikelihood method for multivariate random-effects meta-analysis.", 
"The impact of numeracy on verbatim knowledge of the longitudinal risk for prostate cancer recurrence following radiation therapy.", 
"Prognostic Factors for Survival in Noncastrate Metastatic Prostate Cancer: Validation of the Glass Model and Development of a Novel Simplified Prognostic Model.", 
"Sexual potency preservation and quality of life after prostate brachytherapy and low-dose tadalafil.", 
"Relationships between times to testosterone and prostate-specific antigen rises during the first off-treatment interval of intermittent androgen deprivation are prognostic for castration resistance in men with nonmetastatic prostate cancer.", 
"Trans-Pacific variation in outcomes for men treated with primary androgen-deprivation therapy (ADT) for prostate cancer.", 
"Defining a standard set of patient-centered outcomes for men with localized prostate cancer.", 
"MET abnormalities in patients with genitourinary malignancies and outcomes with c-MET inhibitors.", 
"Validating drug repurposing signals using electronic health records: a case study of metformin associated with reduced cancer mortality.", 
